1.61623639865093 2.11272672466273 -0.00738089473018551
1.49900226256324 2.63254201551433 -0.00890945489038785
1.50405785354131 3.19782554510961 -0.010249707757167
2.06928872799326 3.17089614620574 -0.0106652108768971
2.03108908849073 2.86780494312817 -0.0104548607925801
1.8894364567693 2.54492856275833 -0.0104619386756643
2.003889043779 2.05592623901308 -0.0103011134542387
2.14626541109236 2.33471316651202 -0.010424517756221
2.24885308692535 2.65488913580768 -0.00991525293125263
2.39682628591312 2.86322869637284 -0.0107792334036271
2.62792567642345 3.06172995061156 -0.00403525128637706
2.92554969506537 2.9422116535639 -0.00835303226486714
3.13092932442008 2.68821616288485 -0.00807754196541544
2.74578526874736 2.68692081134543 -0.0084046493884437
2.44750390666386 2.44955069329397 -0.00942125234078448
2.71627847013919 2.40894738671446 -0.00625649261914804
2.37941412737242 2.2013713396879 -0.00761348165331085
2.70311282041333 2.01308209755378 -0.00937463142134117
3.22033852129903 2.03797339793336 -0.00863483007169972
3.07833180801349 2.25481112395613 -0.00692203964571911
