111.844002082944 -0.190798720248445 0.0114422286006692 0.108403230938569 0.0528479433764077 -0.255515512637439 0.078145942044025
111.938006803393 -0.212799342767477 -0.0163453378951786 0.25565540672322 0.0857618141370729 -0.330778811847418 0.107986933833253
112.015998736024 -0.177683058133323 -0.0308094727996989 0.163776820222517 0.0720537922090514 -0.226737193406445 0.0603986812942985
112.063001096249 -0.179302015671597 -0.0421116824890187 0.182176275686779 0.0797199144218592 -0.266574483363552 0.0731491826615914
112.125000357628 -0.155049746300795 -0.0171870065378625 0.163681418322578 0.085494315932417 -0.229719498315949 0.0656504278115648
112.172002717853 -0.145715044282383 -0.0337634237083713 0.282021205051783 0.0828993973188927 -0.172929104829101 0.0734267342331959
112.250004708767 -0.117808065497151 -0.0288589431362364 0.340958700154194 0.105577741698295 -0.198166476339483 0.0982509979267834
112.297007068992 -0.0876596115621649 -0.0259506442620008 0.136939798769197 0.0775110917089419 -0.112031167736344 0.0699270852785523
112.407004460692 -0.0710371821098945 0.000466820196010785 0.309888343551753 0.0888193001068516 -0.0846643520936314 0.0801483761095443
112.610000744462 -0.00921295399816059 0.0407508110016352 0.335945848989079 0.100839423207952 -0.0688525832657952 0.0839169343559874
112.672000005841 -0.0138725484601441 0.0169968717833332 0.333254328464586 0.112110242733264 -0.0652857384388784 0.100276871183119
112.735005095601 -0.0101368233816433 -0.00208084004023134 0.213531331325613 0.131835469688837 -0.0674903431084926 0.0963031787254765
112.79700435698 -0.0240581788213174 -0.0186803661708094 -0.00125968439610746 0.15962985040778 -0.0461356661933828 0.0923967518010213
112.859999388456 -0.0337704429927767 -0.0263399175846145 0.126066320570253 0.192587131897876 -0.0315967435014262 0.10347268617864
112.921998649836 -0.0248189334678067 -0.0537416734615926 0.0902851149735775 0.198899301650304 -0.0111255407039926 0.0962348062147605
112.985003739595 -0.008642233960389 -0.0975384773798243 0.0930238877980707 0.178644544409146 0.000584474958984906 0.0745118447644308
113.047003000975 0.00907702585817946 -0.0688573996894574 0.181825689175992 0.182825494014235 0.020191115880844 0.0652103767866845
113.125004991889 0.0352621745783772 -0.043151129920091 0.302765622095185 0.215994520938754 0.0804768456125114 0.0590774910140739
113.188000023365 0.0804474310264556 -0.0510642464733458 0.190288659690764 0.295707468518006 0.151597975319193 0.0627671193198145
113.266002014279 0.11939697461312 -0.101947689746991 0.121258730958789 0.250943910936564 0.192747356550138 0.0327722219762944
113.422005996108 0.174338094918162 -0.0781915476693785 0.169956045203181 0.225829736078302 0.212549155676201 0.0240418684075218
113.500007987022 0.214159001659698 -0.0976239165860698 0.212995872385393 0.282394365500219 0.286145650379793 0.035206862146114
113.547000288963 0.229782576061324 -0.104453399955795 0.222576188781049 0.225412721010465 0.234083780340394 0.0463961584392732
113.594002649188 0.241939830039046 -0.0703093174402037 0.376289754088473 0.308860967331641 0.363660511891148 0.0490597541016524
113.657007738948 0.284255330727686 -0.0908062501156961 0.2988868064891 0.198674960800411 0.265778911539593 0.0236684959215392
113.719007000327 0.304593580477883 -0.127427627934405 0.157593315844735 0.240779409538554 0.384057349689828 0.00150317438727111
113.782002031803 0.321424668081177 -0.102561613827608 0.170741995780072 0.189302751423528 0.379700568166906 -0.00854755552105638
113.844001293182 0.346616940065159 -0.0600433042794165 0.257667485053436 0.149523318896098 0.360789519244507 -0.00473557080020548
113.907006382942 0.37878499406014 -0.051091121555698 0.276252816586417 0.192613373867901 0.482754112437078 -0.0215225127440115
113.969005644321 0.420013819495109 -0.00601428402419277 0.401172502631427 0.144007129125198 0.495697207320714 -0.0634368256731892
114.032000675797 0.446156151313582 0.0311220478057264 0.501452300388803 0.0840445264145455 0.457653853712826 -0.0794523868988307
114.093999937177 0.446646994527359 -0.00400643535212172 0.2965958041766 0.0542012481015547 0.565019881292597 -0.10969736860728
114.157005026937 0.439399033562556 0.00720876836348612 0.253635225343416 0.00959180603671187 0.484583504380432 -0.101528018957803
114.219004288316 0.419278388173302 0.0654051341741011 0.30578530736949 -0.0108678130519862 0.600690858308606 -0.124470291097491
114.281999319792 0.449552474884777 0.045476829033411 0.191675537995098 -0.023424681960608 0.608804505796082 -0.125583090516879
114.407003670931 0.461793933330351 0.077282693373446 0.213058207122609 -0.0736842104189666 0.513038879059382 -0.111807185052574
114.46900293231 0.449629874596936 0.0472624282647308 0.0386009537054349 -0.117225706143707 0.631166807670569 -0.156366254373134
114.53200802207 0.418324059878732 0.111813343062288 0.127828626521338 -0.127473470890175 0.60492959309132 -0.143667843590101
114.657002314925 0.408860442966765 0.0885699672786262 -0.0338481478740691 -0.152667001291918 0.50123311541462 -0.142402014293474
114.875005558133 0.345617209149794 0.039378666415735 -0.260242809176133 -0.196180333223068 0.582116156596249 -0.123691263177959
114.954003319144 0.318713060419321 0.101784213340021 -0.0229361647372882 -0.167491819845125 0.532151836951467 -0.108449704208188
115.032005310059 0.343633386781921 0.0567978978112615 -0.125392971381293 -0.16384699622481 0.51519674894535 -0.0918218020102472
115.110007300973 0.331734193873483 0.0718388034889756 -0.0626025321305239 -0.168754662856353 0.510715021715312 -0.0991856742920016
115.187999233603 0.330418953564219 0.0509417218930833 -0.166118574782596 -0.155265106635987 0.497107023683448 -0.107332102559008
115.266001224518 0.292851333456057 0.0334788774176779 -0.158352333834699 -0.113061315439427 0.355594366629234 -0.0823628668046954
115.344003215432 0.293495070929392 0.0385389609369549 -0.178179286746888 -0.131107115863394 0.398313767884079 -0.102483797068153
115.579004958272 0.208405312402696 0.0168547331605626 -0.104761812915019 -0.104791903604956 0.366388469252032 -0.0825340142762119
115.657006949186 0.225689357629285 0.00684672444444004 -0.204383996438506 -0.0684317864012683 0.323779432438583 -0.0647955976761378
115.734998881817 0.201896234714279 -0.0247128819198231 -0.376829073206089 -0.0264703805735989 0.340592760254543 -0.0464406610115136
115.813000872731 0.205931659225275 -0.0325149451662221 -0.246886619044093 0.0194399655650345 0.408589864298393 -0.0487281901390676
115.891002863646 0.205835190237613 -0.0389225797176477 -0.154610439618632 0.0530590381841692 0.302470891316812 -0.0345316542005752
115.985007584095 0.210855421396712 -0.0766613229043205 -0.241803906765026 0.126888818866804 0.344935680828605 -0.0545126078262356
116.078006476164 0.173397152194404 -0.126820482020016 -0.383765627388933 0.160288905429207 0.284509508942519 -0.0604540860287766
116.157004237175 0.14266663198727 -0.167210723388511 -0.390216039796948 0.206376329616733 0.250951589990945 -0.0539266351656053
116.219003498554 0.146480438581509 -0.179725290987608 -0.337411996384904 0.278138928019972 0.299741831298686 -0.0837055460865204
116.266005858779 0.146141483242672 -0.175273952271311 -0.244101291533763 0.182070428749066 0.15342437807524 -0.0532260056864613
116.313008219004 0.152622101413065 -0.195131085478046 -0.304794490695611 0.332017306658698 0.263197538839406 -0.125043156783343
116.421999782324 0.105540305669543 -0.256827772834823 -0.428690202162657 0.304335721202303 0.173372107467587 -0.109043269828832
116.469002142549 0.080580289104006 -0.266543577425815 -0.44454230566788 0.355999594511604 0.189939113500593 -0.142688319193101
116.532007232308 0.0579798942480613 -0.298354224908685 -0.463449731624728 0.331029732091027 0.140945732505302 -0.119936790587142
116.594006493688 0.0519819559325566 -0.297884125606228 -0.474574136485379 0.39779798719255 0.138850553017092 -0.143777017136635
116.657001525164 0.030380663917381 -0.294227300076907 -0.378708263464623 0.336150216656488 0.0798143612226042 -0.121302372313445
116.719000786543 0.030356925232099 -0.283163669959759 -0.278205177857669 0.332429468552461 0.0192695558805969 -0.121094922428912
116.782005876303 -0.0157884896863157 -0.24493709242028 -0.28947168500041 0.276344882144249 -0.0375025734916891 -0.10939746259979
116.844005137682 -0.0471222448370249 -0.183908978828943 -0.0718207023973595 0.332942818964692 -0.0931231258358262 -0.0980811741514412
116.907000169158 -0.091551772545624 -0.173687775504149 -0.101243816455827 0.297370286301743 -0.136959169617449 -0.0606890066216244
116.968999430537 -0.152741854277983 -0.164156079015511 -0.229788414307967 0.30884429797077 -0.180521639103546 -0.0535643667979391
117.032004520297 -0.20366940355529 -0.16138325805889 -0.129543164806055 0.327710945599518 -0.212021916444214 -0.050545864581862
117.094003781676 -0.235624995864393 -0.143144897371246 -0.309976039093987 0.342361325366552 -0.253914593139753 -0.0507356180014466
117.156998813152 -0.232469587578405 -0.17312100850036 0.1208770664236 0.302694048732252 -0.242869650444957 -0.0290125487974595
117.219008132815 -0.245436295550587 -0.15547729535754 -0.0943199245440473 0.341453415594759 -0.276282645294676 -0.0283101593669597
117.282003164291 -0.269563105813154 -0.189029777219246 -0.064277145758312 0.385432217740348 -0.331994249472142 -0.0262477405809086
117.453999817371 -0.258945570832895 -0.224077972950857 0.0247005922686162 0.282130756067704 -0.407216470533435 -0.0151836527584464
117.6100037992 -0.279251689733602 -0.157268863054981 -0.0561243471864295 0.210792930489355 -0.429085536998105 0.0239752189974061
117.78200045228 -0.282965764605665 -0.118014533194817 0.127051393055498 0.208705620229608 -0.465382871884257 0.0662052933617494
117.969004064798 -0.301691343951446 -0.122828349907717 0.161680464936883 0.256321520764211 -0.525492464706105 0.0862897324718035
118.047006055713 -0.299782612360645 -0.115228087759511 0.252543554751535 0.277144103503693 -0.476878114797357 0.109863585311346
118.125008046627 -0.27120672193301 -0.135061280223857 0.159488392627985 0.275974627302937 -0.418036220136102 0.109040958403706
118.204005807638 -0.278487116731368 -0.17526727936623 0.262601318227046 0.348986914964223 -0.513035800987689 0.126057815878695
118.250002339482 -0.270701095170723 -0.179855878146421 0.260872511560325 0.275040698550288 -0.42528004036583 0.103870672578998
118.313007429242 -0.265879414893648 -0.182566834529167 0.351499408880782 0.341403100842253 -0.526501323805584 0.126539006854236
118.359999731183 -0.233172302152003 -0.2201047881672 0.580426198792021 0.274160542266742 -0.411728135561342 0.100968519584246
118.407002091408 -0.233075709682097 -0.157313394470862 0.19731460075946 0.303938265806397 -0.454533691670257 0.0990504048625903
118.469001352787 -0.236173186615224 -0.197642319639105 0.389209262224638 0.218840918426073 -0.304467464457036 0.0660661399386901
118.532006442547 -0.249381509313083 -0.148355156378762 0.193690705539737 0.333765806557762 -0.424651609983069 0.0937125088400702
118.594005703926 -0.224001950757916 -0.163461482272085 0.22074728249802 0.3913770540229 -0.408250685566256 0.088940715879433
118.657000735402 -0.212177240124575 -0.148915545169554 0.149296625625804 0.0612089785392905 -0.478952476198236 -0.171878345224015
118.718999996781 -0.15309774710806 -0.165981317890626 0.307363193991014 0.308409553602279 -0.204532791368883 0.0552664307371022
118.782005086541 -0.122268673558264 -0.187929603474221 0.307017840239059 0.431364035894029 -0.287741804234368 0.0608481948131779
118.84400434792 -0.0855023069709327 -0.179761040434592 0.174495468253866 0.420887670350867 -0.2599114222985 0.0542787497313767
118.906999379396 -0.0696063550094078 -0.16464025677777 0.545938459036572 0.348875244258833 -0.186664679867897 0.0553806417665821
118.968998640776 -0.0116046433142034 -0.121302910710602 0.718018109076249 0.337620020833964 -0.151525634729291 0.053236126052236
119.032003730536 0.0214024215663049 -0.113923043825668 0.541807841439743 0.349197906048746 -0.108789365334904 0.0531064786893318
119.094002991915 0.0313670427148984 -0.109793485130325 0.54485792180385 0.335157446058861 -0.0769743019098122 0.0356339696790989
119.157008081675 0.0463376025803315 -0.095997944092874 0.581676494822063 0.394798796777271 -0.053672375065588 0.00821503011840614
119.219007343054 0.0647522530947889 -0.105515596643822 0.422022346825216 0.395965630788257 0.0181095588425016 -0.0223204594982616
119.344001635909 0.112045501488017 -0.196609315537351 0.374151203842508 0.391935940391329 0.146878820285756 -0.0414547618881772
119.532001018524 0.172181721211171 -0.22373142650378 0.142581419665439 0.246085274630218 0.305884123115904 -0.052651686029129
119.781999662519 0.314695393199082 -0.0806699776254105 0.390800046724585 -0.0274861762210958 0.468199354745068 -0.0525037719855986
120.047005265951 0.388683056211525 -0.0322719836941828 -0.119635629190269 -0.147811452054949 0.512163282939231 -0.0194431550923534
120.125007256866 0.374665004178589 -0.15863568871258 -0.614968481748982 -0.150434818142452 0.382499144878517 -0.00522175594143622
120.171999558806 0.351695077593051 -0.0897414076519305 -0.375247015825175 -0.178740696945404 0.424820918206801 -0.0314656377885588
120.235004648566 0.379462907063608 -0.0442990259126652 -0.408225402627674 -0.286175131635276 0.575237890710452 -0.0453127870228092
120.282007008791 0.386463748762293 0.0301327141212281 -0.145357074448706 -0.266827380502098 0.446213779475083 -0.0439559803864802
120.34400627017 0.391622071155084 0.0348493478120706 -0.264038908459817 -0.247538683684278 0.351514974943202 -0.017547668423711
120.407001301646 0.398026173653256 0.0246335278238848 -0.307397091930558 -0.33031532522186 0.381423285563402 0.0128904455327742
120.469000563025 0.350762086577187 0.0642890369789963 -0.138049109297103 -0.396162676435054 0.389660484430385 0.000883110231071959
120.532005652785 0.362032241333297 0.0530713868131323 -0.376071134010511 -0.422536964379183 0.33016178111205 0.0176167156437915
120.594004914165 0.327893996537794 0.0834627384308971 -0.283024696538646 -0.360728230547529 0.229999023747802 0.0120594605927334
120.656999945641 0.301873655661747 0.0883477163663899 -0.33608742213634 -0.43219353249962 0.240225333364185 0.0223322310662471
120.71899920702 0.257152257076226 0.0992020451640409 -0.298386186192304 -0.498636684410884 0.24691255615103 0.0340069050849978
120.78200429678 0.232286022081995 0.105808989452629 -0.442042595830599 -0.464820582409449 0.214837200077463 0.0340946159205594
120.844003558159 0.207390499261373 0.16629240468715 -0.141382387206041 -0.45699825569864 0.229039608980014 0.0412597373961626
120.906998589635 0.244360284496456 0.163158650110913 -0.272379387293802 -0.455206777750139 0.216594989731078 0.0440648508621409
120.969007909298 0.220438989494172 0.173474298530877 -0.163491499075185 -0.421450911598964 0.174434118612228 0.0344530223993933
121.032002940774 0.173852234012271 0.185935082509309 0.0369966171590522 -0.44201282337986 0.159704296455057 0.060704469177599
121.094002202153 0.201528752933811 0.0867107939795781 -0.470196967817414 -0.304333476679076 0.0893887270085815 0.063341866574608
121.157007291913 0.1312581192121 0.104657426164006 -0.0923624394603736 -0.358372032472095 0.0817192911238749 0.0815421342815087
121.219006553292 0.0951771706812446 0.0836242919309313 -0.0803422587447119 -0.372814652095321 0.0244513301033256 0.0749224969361416
121.282001584768 0.0511815254625567 0.0880726760794651 -0.0743598004717255 -0.362699949822551 -0.050352536043682 0.0606392777780384
121.407005935907 -0.0143394840740507 0.114142726239295 -0.053213010724455 -0.415259575261386 -0.0758275151431528 0.0820851030024296
121.532000228763 -0.00458167917079527 0.15275237338842 -0.237537128051752 -0.427626554067723 -0.0193839680109978 0.0974654446004866
121.657004579902 0.0176393210261345 0.203230318230151 0.0103822203798683 -0.408354994810159 -0.0343837563379404 0.0787410158730367
121.797005832195 -0.00732892007998703 0.169717733499296 -0.0899233319607173 -0.380657997102256 -0.077591136519096 0.0719974348622384
121.98500521481 -0.0728415472669893 0.172138494601467 -0.0463321970817251 -0.312593251302431 -0.120241165574338 0.114112919853619
122.04700447619 -0.101472514002465 0.17846228324442 0.0459558500859257 -0.324766406086078 -0.131732188487051 0.124543501400683
122.094006836414 -0.077786815257288 0.179876615635035 -0.0499112761871504 -0.334073373680613 -0.145151849176914 0.121876008849316
122.15700186789 -0.109748586694597 0.192241562198998 0.0678661778893442 -0.371018096005418 -0.18565549557238 0.134270041753763
122.21900112927 -0.0873628981301648 0.208955991579051 0.0483211756618048 -0.238270158001945 -0.243635896310911 0.123110616097121
122.499999403954 -0.198280459089217 0.159119689351524 -0.101693168368953 -0.111175114275584 -0.368945976590669 0.060391220132837
122.703005746007 -0.330621692505843 0.107063197898221 -0.138948553504881 -0.00404817923206825 -0.45367914603965 0.0424169735093841
122.766000777483 -0.341728510113752 0.0481396048204473 -0.158724519678683 0.0565847739679606 -0.404844183398088 0.00631430306405494
122.829005867243 -0.357706834585968 -0.00403233253556268 -0.127435992065059 0.0701067248942731 -0.449518981009778 -0.018378557609927
122.875002399087 -0.372177577573004 -0.00959406935451605 -0.242428362650624 0.072660591917944 -0.36655794847927 -0.0329889013169622
122.922004759312 -0.413234708109128 -0.055453474370242 -0.111527652529494 0.12089274016104 -0.63957710889411 -0.0826320282331554
122.969007119536 -0.438587953986473 -0.0185863592505211 -0.272114675725914 0.126270537615026 -0.471278040368694 -0.0967394687657733
123.032002151012 -0.477126040773925 -0.0179660074736495 -0.320407777227523 0.180589263559433 -0.497115780041067 -0.153944979015224
123.094001412392 -0.505347090293593 -0.0502836783144321 -0.314399053752179 0.169893334301836 -0.359245336976335 -0.117608033714588
123.157006502151 -0.495277777692728 -0.0952389546295456 -0.253735042160918 0.280931972074506 -0.561503737229007 -0.244749756080787
123.219005763531 -0.493062127516937 -0.115098072034735 -0.291652450811817 0.242322049328566 -0.404023229944831 -0.200028559685751
123.282000795007 -0.488075266987755 -0.133263278490012 -0.318281818835927 0.304040803469437 -0.446144431236937 -0.250403416563231
123.344000056386 -0.482973631457882 -0.122688369690496 -0.507044930625823 0.22122063271279 -0.300997096940135 -0.199464164803739
123.407005146146 -0.472045238310575 -0.196222087177012 -0.264925314531284 0.326673369346789 -0.454760911570736 -0.359824260338959
123.469004407525 -0.468172649193255 -0.13580213809216 -0.419085168131635 0.223207222464558 -0.320698027974037 -0.274422800143728
123.531999439001 -0.450650559297068 -0.141269317768828 -0.310745680524136 0.256141368861737 -0.349151005291334 -0.31888157018318
123.59399870038 -0.436731805663373 -0.101299846359643 -0.315371154101834 0.195612572465813 -0.240464116342567 -0.24006169531561
123.65700379014 -0.423577601142339 -0.104195052171834 -0.373482017445664 0.308092780806904 -0.305158144395011 -0.340935355615356
123.719003051519 -0.402367018798279 -0.0911595556642965 -0.31921751029965 0.306105861135507 -0.216434920442003 -0.27779174720955
123.782008141279 -0.333525311514905 -0.124002357707894 -0.291945322023081 0.365667182433767 -0.173783206077501 -0.283236979879011
123.844007402658 -0.312936387291024 -0.125294087728558 -0.311432013256951 0.368641115608453 -0.122598562644464 -0.264686391090913
123.907002434134 -0.252417617681584 -0.161220239984816 -0.141320073496013 0.409657515006291 -0.104595205720845 -0.277581854114148
123.969001695514 -0.25389953213264 -0.143450880522902 -0.328151694885072 0.366137124687907 -0.0530833693591146 -0.237404654436384
124.032006785274 -0.226288965419621 -0.189516218188728 -0.197473519035015 0.399362706317732 -0.04571768767471 -0.277363877520544
124.094006046653 -0.198696891001644 -0.181460661256979 -0.279461115582641 0.291005150257712 -0.0216014398739722 -0.198291361992213
124.157001078129 -0.167852674393793 -0.150669799133607 -0.218884798395309 0.469886086722507 0.0229903052124674 -0.297140340627607
124.219000339508 -0.113800938906029 -0.142521700650461 -0.150398933328662 0.3407132821073 0.0406756321457657 -0.174814791791715
124.282005429268 -0.0965514969971334 -0.140061142956385 -0.0719185880149299 0.346832022053635 0.0999646470927747 -0.149931257260077
124.422006681561 -0.0200058571610273 -0.169885921115955 -0.208604342542162 0.368248616007057 0.222586151301377 -0.157262845241256
124.625002965331 0.13497075171001 -0.120848017768149 -0.0889630925072452 0.269496322666114 0.290641676328382 -0.133924881897897
124.813002347946 0.23545807356613 -0.0655783423314324 -0.0719426198299753 0.194235182677585 0.320093810418287 -0.149473609356147
124.891004338861 0.216448313720543 0.0402742136008057 0.307255991046293 0.195403161940795 0.44287095966509 -0.187699870560038
124.953999370337 0.228945134081831 0.0162558594478878 0.0060797790988299 0.110598948407825 0.3663876899451 -0.124384931942766
125.032001361251 0.241466957191204 0.0758201270922655 0.36218532361953 0.122514619164103 0.461128466898114 -0.133630742257509
125.079003721476 0.268345584426325 0.0648148324184551 0.16869623702904 0.073123248385674 0.375333167552677 -0.10485811939569
125.141002982855 0.2827116598198 0.0939215838315165 0.286515167598633 0.0558109333017688 0.370604719896619 -0.0920072673661805
125.204008072615 0.271324380690874 0.102023107061078 0.219285256052626 0.0851892335758117 0.449997962808719 -0.100891330954046
125.266007333994 0.262132252015688 0.104848422626192 0.223063934324702 0.0813353869922271 0.31513333149016 -0.0625978637780882
125.312999635935 0.237581983552701 0.0746979312720604 0.216678714352459 0.149977141546197 0.444720486553249 -0.0729561898454259
125.36000199616 0.232670366437875 0.0238690899804962 0.111860146638694 0.144255161682672 0.406662229043113 -0.0638116558892642
125.407004356384 0.250980911250338 0.0148054706619286 0.104507494402733 0.132950744536823 0.438805280487297 -0.0732881152499847
125.469003617764 0.271017790592864 0.0759280402642715 0.441752834398683 0.0927545844822564 0.39769778763755 -0.0645368596386673
125.53199864924 0.320645083348962 0.11735016347518 0.428953497147889 0.0885595499449079 0.523268488689979 -0.0678660114818252
125.594007968903 0.362927541289646 0.151085523321761 0.369054495538802 0.0837557709663576 0.545997796551552 -0.0706437153958063
125.657003000379 0.391702254589098 0.226153642673028 0.68491389388797 0.0673680663063697 0.514596726080576 -0.0508701473626411
125.719002261758 0.458850467315666 0.214088145005556 0.496722212603116 0.0559257995613167 0.556746480053294 -0.0543186833693687
125.782007351518 0.487054730092301 0.187844761258558 0.433338323423477 0.0440627171006431 0.528422996912051 -0.0642411638412494
125.844006612897 0.464646415159173 0.132329355485066 0.268860246181179 0.0433906229326105 0.562676359711215 -0.0779209548952442
125.907001644373 0.449468558504114 0.130303081937554 0.286680206144257 0.0245740606986185 0.581392396007998 -0.100680559760007
125.969000905752 0.430173555704763 0.134844439501121 0.343077486478977 0.00894505689154698 0.454849430262937 -0.0686071971264818
126.032005995512 0.459949250397412 0.0974772573890696 0.126774830770848 0.0128718315952458 0.575893055196424 -0.0919772173604586
126.094005256891 0.469123458274707 0.160717260889691 0.263975501564309 0.00423727635123796 0.567803319461728 -0.0786532942358666
126.172007247806 0.476871734450561 0.181769614251507 0.364990605215688 -0.00625102738050163 0.544900990894933 -0.0826613949149455
126.297001540661 0.484503633949589 0.106516943251609 0.0890807008513409 -0.0304204278435769 0.592832149878717 -0.0827049462405525
126.344003900886 0.465473331491899 0.139056262961907 0.141867415273382 -0.03797786242431 0.58038898260221 -0.0879572047157057
126.485000923276 0.512299657676277 0.055085456339777 -0.037816211299427 -0.0765420327913808 0.508967410710121 -0.0877700064571795
126.672004535794 0.458597942599708 0.0961251680673331 0.0130595929541614 -0.149971080464247 0.473289910529534 -0.0511362476197144
126.844001188874 0.392980877162569 0.127932582370933 0.015570238724347 -0.258581453479172 0.513782945028304 -0.0234492175249875
126.907006278634 0.355958623256102 0.156232236410863 -0.00553415286859495 -0.264474950872687 0.457730051417232 -0.00747857962013243
127.000005170703 0.318249167169036 0.216307625924033 0.195628187942836 -0.255259939731447 0.391201380619496 0.0110429559998424
127.093999832869 0.312109793410565 0.180370727755518 0.0212434017077686 -0.267205712844367 0.311686767776643 0.0219878984861334
127.141002193093 0.270750132025835 0.207484804742952 0.147460117036465 -0.379535530552747 0.381136421409874 0.0274768411902128
127.219004184008 0.220268752489076 0.24199578068681 0.202253388762044 -0.307250538229815 0.250374658734699 0.0293850558825599
127.266006544232 0.221539950208573 0.240832310564359 0.118153060695401 -0.330008265336466 0.257159131996906 0.040529380300743
127.391000837088 0.159077086356373 0.253778250256409 0.168649160379147 -0.419463413861172 0.293846115226292 0.114141013407235
127.438003197312 0.137567659430048 0.252046349786172 0.269803295883657 -0.43195306755917 0.234884508449253 0.129242983612907
127.485005557537 0.136810992634251 0.240931165814372 0.19170683476849 -0.301117931819202 0.165084139725903 0.0766710930635675
127.532007917762 0.124579584055071 0.235703748866629 0.0249264674383238 -0.399991044937615 0.150307189743562 0.0981665446989498
127.594007179141 0.0916816282632246 0.239605515003325 0.0848321506358495 -0.447859460969836 0.133380328238036 0.109121114616331
127.657002210617 0.0364780053652034 0.264553355217198 0.122941714243491 -0.420489778714367 0.105031281333937 0.137246854697909
127.719001471996 0.0312207806107044 0.248733303933176 0.0775586595443035 -0.297971572473643 0.0547834380869496 0.130329018675215
127.782006561756 -0.0267272827216133 0.232260561438159 0.127331333580603 -0.338947476265012 0.010127722288702 0.169156720850344
127.844005823135 -0.0617876411402489 0.182486441244883 0.0993725631958341 -0.281277469534998 -0.0591079704854519 0.147238936703445
127.907000854611 -0.109389373511469 0.155520224828538 0.0547507978892842 -0.296807235257233 -0.150198218810147 0.175193309516418
127.969000115991 -0.184402611184652 0.144402757176668 -0.0817921964267535 -0.20262035784064 -0.174147794683061 0.162064488143392
128.03200520575 -0.221097578664109 0.174305907272513 -0.454048333506946 -0.17767026825135 -0.233377102506308 0.19440908174177
128.09400446713 -0.286580882545997 0.168889631607819 -0.623727623805633 -0.13798294317888 -0.299101996530314 0.22190103466971
128.156999498606 -0.336052139206398 0.141328193025024 -0.681949842612221 -0.100123714091161 -0.352022675648368 0.231136925202943
128.218998759985 -0.382166424645182 0.11413292847374 -0.640223919261586 0.00863654199770695 -0.279361817573192 0.172150332488622
128.282003849745 -0.432717098200558 0.11505176558401 -0.781918667039736 0.0712216904158606 -0.409607795608948 0.186920921606683
128.360005840659 -0.472401610467475 0.055515198730038 -0.691168848999514 0.222368811333698 -0.361169116429219 0.102538925257585
128.532002493739 -0.533907301256197 -0.0950643953950152 -0.713548764279128 0.454250002857377 -0.393165721599207 0.037894360241658
128.703999146819 -0.607677653508311 -0.211318711818297 -0.951143395565583 0.554525091364185 -0.421787959340304 0.0122078147980269
128.765998408198 -0.576993703234984 -0.279972364218563 -0.796492065693271 0.546263682538056 -0.342469941434023 -0.0486632919891693
128.829003497958 -0.501835226376057 -0.36673691266402 -0.537807980639817 0.597662022722756 -0.379219947295983 -0.0611647175015937
128.891002759337 -0.523057771163186 -0.317270170967463 -0.745989132207537 0.631635998708385 -0.380242154407531 -0.0927886855409362
128.954007849097 -0.46388264977091 -0.356040240956895 -0.587474839333313 0.492060633863511 -0.285896744227828 -0.0720984089764762
129.016007110476 -0.394321457977067 -0.389166670376238 -0.362433116199767 0.60115480672726 -0.349888790507175 -0.11300457968305
129.078006371856 -0.350014048784119 -0.397428960594603 -0.190693741527053 0.572185505014977 -0.346152377011507 -0.118603457358177
129.141001403332 -0.353370262388278 -0.383532141881846 -0.324931599756244 0.543666227247967 -0.344438150912417 -0.112010949246876
129.188003763556 -0.331313288417692 -0.382441916490808 -0.160870868762676 0.531812825843214 -0.357804400504875 -0.120334278704366
129.250003024936 -0.324948680435513 -0.377218626121973 -0.0338509960737269 0.488207172694005 -0.358205991398678 -0.122205326362702
129.29700538516 -0.274317753410796 -0.36912412198193 0.170216533153849 0.444525765194227 -0.41720832126004 -0.136212146324234
129.46900203824 -0.289320354881757 -0.2761208860034 0.0295858947205736 0.365421203129392 -0.408760105992378 -0.108813678627896
129.532007128 -0.289849174505054 -0.33302466254862 0.344034890569077 0.346784702616743 -0.464302595087194 -0.125012105799884
129.59400638938 -0.29411552384286 -0.283383010914003 0.347888730839101 0.172468743509153 -0.336556691484443 -0.0872049228846347
129.657001420856 -0.275552742851728 -0.204126399934411 0.268518138705235 0.096170922291937 -0.387833643184016 -0.0802013526616111
129.719000682235 -0.212946963981476 -0.185931708957881 0.804124881872283 -0.0115085997170938 -0.333201266279247 -0.0452960324236467
129.782005771995 -0.239283996284063 -0.0635065883385039 0.577779767885257 -0.105172317511537 -0.416972000152492 -0.0229759184877435
129.844005033374 -0.243997387819707 -0.0243281800006998 0.561002414419427 -0.158817855695449 -0.29774488880136 0.0281356046982774
129.90700006485 -0.242271901153787 0.069173276642378 0.200629248297125 -0.263266963185412 -0.314994461140192 0.0447549343457868
129.968999326229 -0.306698529158843 -0.0078007310950605 1.02496626706298 -0.336473081095057 -0.256653339159794 0.0442639202051159
130.032004415989 -0.23276878219486 0.148816276803575 0.592026764069884 -0.452843640710992 -0.24013459878657 0.0598574779163875
130.094003677368 -0.25397579002832 0.181943811704977 0.698446346116776 -0.373698234461535 -0.103000903438388 0.0449218366851937
130.156998708844 -0.215017918762941 0.266587440308841 0.564476746755735 -0.446530399853133 -0.0782602137296316 0.0811620959787757
130.219008028507 -0.19167952716283 0.263110727300319 0.65967973624088 -0.377621153079107 -0.00353540013889688 0.100299518945204
130.282003059983 -0.134160267024947 0.20720658942428 0.678615865281955 -0.361074642833133 0.0385641136448947 0.102073096764396
130.344002321362 -0.0508543341942957 0.174150961588364 0.409118246407982 -0.480846955150452 0.105662429255117 0.117813310331516
130.469006672502 -0.036175376524447 0.221558811899237 0.457241016539346 -0.484985883652436 0.203408506856854 0.0951712791704953
130.641003325582 0.1413317314646 0.258396516502105 -0.0284356995427249 -0.419135945122208 0.259836196549801 0.0974692365205913
130.79700730741 0.128394922713137 0.22580551592259 0.201227409198988 -0.449015965080719 0.366174261360154 0.110034147088154
130.843999609351 0.205738034400105 0.187036910118042 -0.0492942269676016 -0.285960841836529 0.265555242746249 0.0641731669597964
130.907004699111 0.212316064148044 0.145085564564023 -0.0389128389404225 -0.275187599596907 0.283697470506651 0.0597938132211619
130.985006690025 0.215589546111746 0.104996453991097 0.0864745458382087 -0.301971418734202 0.388944309452415 0.0876193936329567
131.078005582094 0.231060444355548 0.021160906665331 0.0392045810881546 -0.206241359255536 0.265463148167616 0.0570389054576412
131.157003343105 0.212109689010459 -0.0166422931907259 -0.175951286166066 -0.279399893870353 0.305793897807855 0.0581644219013094
131.23500533402 0.203317704059892 -0.031277437901197 -0.137179242163793 -0.271873278461587 0.303483288763945 0.020120127993719
131.328999996185 0.173218513514303 -0.0866175927460762 -0.288832569625085 -0.18639375019687 0.224189448757598 -0.00107494078101243
131.4070019871 0.165538699982862 -0.137819895541931 -0.200487653209162 -0.217072932182198 0.203438662734175 -0.0237622640438969
131.485003978014 0.125315845307025 -0.185737567587829 -0.544141956909998 -0.322524377551734 0.283847904421586 -0.0461473414521608
131.563005968928 0.168103319077676 -0.148821071762497 -0.143572991710888 -0.233845646896718 0.198528020077105 -0.0486752731821397
131.641007959843 0.181812766077145 -0.142995717222706 -0.275748260983531 -0.26114374954779 0.179393898439985 -0.043974746607214
131.718999892473 0.199393077817081 -0.154571951112877 -0.250892290913956 -0.20909867896893 0.18149306752486 -0.0599473438536096
131.797001883388 0.177804985731181 -0.191565660082798 -0.433847551126423 -0.14448981272884 0.201865542606737 -0.0457262098358395
131.875003874302 0.178254052433847 -0.203520799278197 -0.406839262277021 -0.103407255327932 0.213728924280949 -0.0302899053734398
131.953005865216 0.191913663485865 -0.215350516047549 -0.154922271500376 -0.124141343849291 0.203292489777304 -0.0238694946469007
132.032003626227 0.227558264730215 -0.194588201166087 -0.29255146921094 -0.127417318483536 0.2341480656984 -0.0280340022184275
132.110005617142 0.240172139180774 -0.090707579465955 0.019444253743978 -0.0765873149111816 0.194449410763245 -0.0226664678118089
132.157007977366 0.247052031352358 -0.0736436389580692 -0.0340880104108016 -0.0672537620098217 0.199633710926869 -0.0170694856629797
132.219007238746 0.213574736806886 -0.0820795864936982 -0.166532655442169 -0.0522398114740592 0.227418998811602 -0.0259047782346562
132.282002270222 0.219291972596394 -0.0816637051714226 -0.154931253752018 -0.0379017563588096 0.225531105929753 -0.0318844839657705
132.344001531601 0.2119891273153 -0.0673268526858568 0.029721589478926 -0.0220666010423523 0.158570989098994 -0.0336467178343664
132.407006621361 0.198715038246149 -0.068563548560028 -0.0635630081131722 -0.0377426152875387 0.202965105822759 -0.0574191223382378
132.46900588274 0.20087737596129 -0.0538261643415709 0.00972811047921807 -0.0439915656312839 0.17253176798727 -0.0477547181988013
132.532000914216 0.204926669364038 -0.0263060392971302 0.113267789745416 -0.0534925905981143 0.22322959272017 -0.0278390143742508
132.594000175595 0.224735130423097 -0.0493367822617582 -0.0270027827784652 -0.0386333947938086 0.203913667595388 -0.0218891187270064
132.657005265355 0.23067433147414 -0.0396199879910561 0.0227846987918838 -0.0482833837497391 0.270934990723933 -0.0330414289607475
132.719004526734 0.205290395665115 -0.0321981235948742 -0.0398665340632709 -0.0435603483645512 0.207821831118721 -0.026680856281714
132.78199955821 0.203229578890201 -0.0235122061524492 0.0442050013156846 -0.078480398402651 0.257522624826041 -0.0399110314583559
132.84399881959 0.20980562844456 0.00571516106555523 0.107250598386649 -0.0808358099215682 0.201002219761213 -0.0279095071832379
132.907003909349 0.220830442359875 0.0214011052565769 -0.0513739564323653 -0.0832054832015951 0.237886298435379 -0.0277179937355664
132.969003170729 0.222091563327217 0.0634313055894625 0.147770401569082 -0.0620247158407507 0.279188662636435 -0.0172102233180096
133.032008260489 0.232470283042024 0.0299425412961156 -0.0116523839348892 -0.0483714705788138 0.269993957258778 0.0073236748170698
133.094007521868 0.245664272017954 0.0155778069733878 -0.0221673169543526 -0.0321013601067701 0.228035756986548 -0.0253081888064768
133.157002553344 0.245426814708678 0.00298711845519182 -0.0145126397542916 -0.0507068107807554 0.315520960715762 -0.0760164016805461
133.219001814723 0.249126012097222 0.0362877872425622 0.105111114936226 -0.0708715618527346 0.19081930322451 -0.0644369096488579
133.282006904483 0.244260224995063 0.0502639181136923 0.0578929194487108 0.00287977041657164 0.24915163672317 -0.078418577307536
133.516002818942 0.234672371346395 -0.000434310437803422 0.0255094503833609 0.0514990711858898 0.249850989760203 -0.112920489764097
133.766001462936 0.230655184248009 -0.0344833394830529 -0.0194070058385979 0.0707759494925396 0.278539463878103 -0.140922974464564
133.829006552696 0.222195382071677 -0.0311823065130102 0.0515297646606761 0.063672047255478 0.205427177152293 -0.0943760258649391
133.891005814075 0.226678233315491 -0.0524776676932383 -0.0229462204587222 0.0804332650617847 0.263333752140762 -0.135980900597554
133.96900780499 0.218169749544981 -0.0270280053693699 0.110685488113685 0.0699631777325251 0.236181179569895 -0.115881201632225
134.063002467155 0.219770907345977 -0.0475198774206269 0.025354308100434 0.063384635008238 0.192375533664741 -0.0830403121112419
134.11000482738 0.225936558557643 -0.0608417486460043 -0.0432557141165418 0.0791965795781693 0.246888385081272 -0.120456857975281
134.172004088759 0.244990959253847 -0.0324096716515056 0.0307531895621756 0.0864505330376314 0.222219978058808 -0.0985147510901102
134.234999120235 0.233808867021533 -0.0393686562785468 0.0112678796825526 0.105579798246782 0.215142055325631 -0.0907136993103431
134.28200148046 0.235375104413128 -0.0331037972198508 0.0216868128679886 0.139629489050349 0.232675318720437 -0.0970253832205016
134.344000741839 0.233712394169378 -0.0541537614702201 -0.0510344496431878 0.151085615734698 0.188234147183886 -0.0984116393031454
134.407005831599 0.210426450235099 -0.0571369183728497 0.0767069926904494 0.189034299873845 0.189339494706051 -0.124153015587272
134.469005092978 0.21352241847934 -0.0865454760637797 0.0268388738363892 0.172429723031395 0.140519217338448 -0.104638680839179
134.532000124454 0.197572794756939 -0.0805359441788606 0.0175947453023082 0.193913006768 0.151033600023946 -0.126149412569182
134.593999385834 0.182221139146338 -0.06130036975572 0.0828996737568524 0.166150773554918 0.107863835236981 -0.119144287035005
134.657004475594 0.164094646817932 -0.0567069691290153 0.026398965681781 0.205613370481786 0.107261563663552 -0.133551849736862
134.719003736973 0.143533025243212 -0.0452810067565345 0.0590732737700665 0.184171787689639 0.0744546051900735 -0.0961097658391322
134.781998768449 0.131180665786744 -0.0487019271731623 0.00118315269641182 0.235469014627051 0.0770462091729194 -0.110936191645555
134.844008088112 0.102951941781007 -0.0536171358139189 0.0349329718850778 0.222490332310338 0.0514622343400788 -0.0993535911208701
134.907003119588 0.0883955803305188 -0.0556766228486395 -0.0212907177012385 0.251882135042673 0.0503058567918992 -0.117256715647913
134.969002380967 0.0856529346322213 -0.0492940785822928 0.013390702108476 0.173741147145376 0.0236207420247111 -0.0952680966073201
135.032007470727 0.0692102422481845 -0.028889358439689 0.00691225862617455 0.224571269445611 0.021583504451228 -0.152083615176508
135.094006732106 0.0706387007366489 0.000193788968172693 0.0444604319902044 0.191038381195067 0.00792304306061215 -0.137064976162602
135.157001763582 0.0592360307380596 0.00943044544562302 -0.0293261893679096 0.21830421850108 0.00849548098138465 -0.136613695100529
135.219001024961 0.0621160888923424 0.0146330806075125 -0.0458834586318025 0.278988925761628 0.00938239284227854 -0.148773089741526
135.282006114721 0.0512108924606235 0.0120673035216432 0.0259894225142719 0.33944110938209 0.000501037102756346 -0.129328770130839
135.407000407577 0.0255748265786836 -0.0743113942194987 -0.119424335781235 0.371112210785536 -0.0249658734589607 -0.121148055768166
135.532004758716 -0.00419243648381942 -0.100912054992659 -0.173564117959896 0.396912612323304 -0.0975968398340071 -0.113422995461895
135.719008371234 -0.0876293043455918 -0.0907380838295774 -0.186196521490006 0.331273488123864 -0.182232346806092 -0.074000244666227
135.860005393624 -0.145363421781397 -0.0696650110911476 -0.128920724519322 0.334131352509769 -0.25061932594369 -0.0539957585019222
136.032002046704 -0.193490209889689 -0.0885207615463747 -0.0589464287831738 0.34535417283105 -0.309748212541221 -0.0651553765028703
136.094001308084 -0.229701844250306 -0.0803332056131744 -0.10036652405667 0.282151993684806 -0.296916520162122 -0.0821368728578505
136.250005289912 -0.2336827093466 -0.0758570464689737 0.0678906292241248 0.163621957634966 -0.3187134521407 -0.0665895552406412
136.84400729835 -0.2497937062783 0.0130956384948423 -0.0940209357853301 0.09558546875432 -0.314437103805233 -0.023700681039097
136.921999230981 -0.251479361465292 -0.00624603337745123 0.127854225703004 0.105784622710986 -0.389904000048512 -0.0163190260765283
136.969001591206 -0.249665513956497 0.0052017118765699 0.043404695662589 0.0526222636787506 -0.261459744508157 -0.00741996087649052
137.032006680965 -0.233465904192169 0.00369260471410269 0.0974637048278682 0.0354479733578253 -0.294676867718652 -0.00801065056925972
137.094005942345 -0.209316061357931 0.0364759972841352 0.00125301004147983 0.0263109856550865 -0.26449084383299 -0.00680508985567464
137.157000973821 -0.192293592155762 0.0348711553836374 0.0791877687855766 0.0354031251946366 -0.304296023325585 0.0121812575588769
137.2190002352 -0.19384809908284 0.0377370182484306 0.0158662592909442 0.0419315290916682 -0.252355484201895 0.013709347529574
137.28200532496 -0.202215712220253 0.0217105186698741 0.00856900750649275 0.0420569553313599 -0.255174623746564 0.0237367180824151
137.344004586339 -0.204456702891486 0.0406320988473378 -0.0676984113975249 0.0413155935483196 -0.335647897987507 0.0336627419405409
137.406999617815 -0.197779283693144 0.0156373890122258 -0.00236089630008322 0.0283433711071762 -0.267152825227415 0.0192359429328055
137.468998879194 -0.202935754222875 0.0228642322349097 -0.0447599823717804 0.034369424630647 -0.241132440950022 0.0122019412538316
137.532003968954 -0.180103568825786 0.0332565744692856 -0.051677785239881 0.0513036731311409 -0.266736639560908 0.0172738472054642
137.594003230333 -0.187445685835558 0.0150255842705361 0.0207516444331407 0.0664814322268299 -0.291043978882038 0.0340267058986964
137.657008320093 -0.174041741193766 -0.00912863318898967 0.130078751032297 0.0579695718247549 -0.290805503424816 0.0430142106385584
137.719007581472 -0.175833277114026 -0.00768457363798175 -0.0159069791738918 0.0357137925020792 -0.246921263505103 0.0320973629880986
137.782002612948 -0.193263460287042 -0.00411124982698118 0.0251372463769714 0.0401751397202149 -0.299347919319533 0.0419787982623873
137.844001874328 -0.1954550485068 -0.00628955493949397 0.0982611478648775 0.0299925190350513 -0.293596952457066 0.0468208590954974
137.907006964087 -0.21784645383304 0.0182099438151153 -0.0131484417115285 0.0242698321909598 -0.338699744442198 0.0532849164160543
137.969006225467 -0.22905482677791 0.0218518775029367 0.113843847682641 0.00406027229490439 -0.289767496017029 0.0578804851500099
138.032001256943 -0.229810950610972 0.023104807935118 -0.0854449758213427 6.47803122716369e-05 -0.307140773140851 0.0588520777093712
138.094000518322 -0.245549699417518 0.031293471335219 -0.0104243422452438 0.0158072601715534 -0.417248437149106 0.0667958115614569
138.157005608082 -0.253831073035479 0.021068842517614 0.0413744420806068 0.0194722816336578 -0.301416095321645 0.0425050166428908
138.219004869461 -0.256120737232494 0.0192798415793681 0.0180399937680733 0.01886895219295 -0.344038483025106 0.047301707078292
138.281999900937 -0.256677042928521 0.0113325395104927 -0.0173699246549824 0.0298717276618182 -0.327637993962627 0.0540484247511545
138.343999162316 -0.264168963210588 0.0166896104038574 0.0275187576202593 0.0236044460059085 -0.303265990093529 0.0635939986265615
138.500003144145 -0.24291754787784 0.0123637071093191 0.149463896641197 0.0113795083566373 -0.326054861718736 0.0840965330565676
138.78200724721 -0.242904993332181 0.0180907361143434 0.141695851441148 -0.0335392505414028 -0.274273641995287 0.110012982613925
138.969000801444 -0.21274805082193 0.0399952075363495 0.213614185727376 -0.0649244143111566 -0.210288258176043 0.0970576240403021
139.047002792358 -0.190653730151453 0.0411026587482385 0.474557214351687 -0.082593327540322 -0.234133254480413 0.151163347616346
139.125004783273 -0.196358590114603 0.042882648315977 0.456186576509289 -0.0730328653741135 -0.192207920632139 0.152095638998284
139.218999445438 -0.189163689013093 0.039625203531647 0.321866475352969 -0.0983535069747413 -0.171611083716294 0.159310036593952
139.282004535198 -0.184217523103186 0.0508673720125323 0.266554439093993 -0.0928757370287906 -0.100497904089377 0.133210466902596
139.329006895423 -0.175403260749646 0.065127868747605 0.431283697379562 -0.167209489417358 -0.128535568366565 0.189068086456764
139.375003427267 -0.142756589206825 0.0978626589866673 0.415979693261705 -0.191691079943364 -0.120839567707462 0.204834511738248
139.422005787492 -0.101522976951612 0.138027818062653 0.232766809447362 -0.148195778089929 -0.084116926408557 0.178422579522936
139.469008147717 -0.0847098464428352 0.138916776647711 0.19074185373958 -0.134170937187124 -0.0796945077125574 0.19430790926658
139.532003179193 -0.0646772069997242 0.112954938591956 0.0589783846137817 -0.116405686628299 -0.0493525430271268 0.190241970111957
139.594002440572 -0.0797144442864004 0.125213487276029 0.155618830028692 -0.115962775546175 -0.0192425258694626 0.189423369054918
139.657007530332 -0.0649005593529111 0.140359990113005 0.283388987597268 -0.123169874039281 -0.00599564618598109 0.232392958477032
139.719006791711 -0.035820860511177 0.108681757956232 0.131310829859907 -0.0897677955866064 0.0197394848833006 0.227603074518977
139.782001823187 0.00863574648905985 0.0850278965888906 -0.24331045567875 -0.0565566902820211 0.0574466935698756 0.206129918989746
139.844001084566 -0.00717080582626633 0.107160027335349 0.331003736144048 -0.0114131750922464 0.0716804250249713 0.214926360794445
139.907006174326 0.0329782194955058 0.0509293209746138 0.156172607829472 -0.00557584318096567 0.0789547874370998 0.247429368114294
139.969005435705 0.0365188699101373 0.00275544193601942 -0.196781676050676 -0.013508684992675 0.105741338121881 0.23340247858106
140.032000467181 0.0361762820159771 0.0156914083355209 0.14881917677655 -0.00627206960949771 0.125639080022829 0.198685382122387
140.09399972856 0.0680132048067502 0.0155013388490842 0.132309293918203 0.00382915711989851 0.130611053630497 0.188772420958379
140.15700481832 0.0941580819088122 -0.0311359866828416 -0.246757678344762 0.0163931888015033 0.191103853942712 0.242180343107136
140.2190040797 0.0903189479530013 -0.0214103160074599 0.00408711202440824 0.00846598069510891 0.218247178385375 0.252780037944305
140.344008430839 0.112944702116239 -0.0388095075905242 -0.129688759805355 -0.0149801792869002 0.239102780408971 0.210206583699738
140.485005453229 0.132917410727792 -0.0335033562561464 -0.062807598487398 -0.0250050475436528 0.318114393259298 0.158017525019041
140.704004466534 0.225083727151055 -0.0326565627117927 -0.150515205195075 -0.051955337400809 0.33836373597841 0.0485098592242705
140.891008079052 0.244314271639369 -0.0203470208130499 -0.284639484473701 -0.0395285029744788 0.340010419724213 -0.0241335853046362
141.094004362822 0.22656386511347 -0.0331332318798767 -0.225701493092262 -0.0348957040996413 0.307400353840477 -0.0365520296612319
141.172006353736 0.206200366905143 -0.0240914639187807 -0.197518579179399 -0.0409203703703267 0.268062711053301 -0.030809710171342
141.25000834465 0.184100580626643 -0.0209318166085071 -0.255815767617562 -0.0671103573993972 0.307059666855719 -0.0336374282139387
141.42200499773 0.143005782042815 -0.00551792993453447 -0.33947111622714 -0.0697221565894496 0.247007454766695 -0.0191674701781229
141.469007357955 0.140741887340162 -0.00876449505082091 -0.25876529663493 -0.0951796403079001 0.350047345495307 -0.0409727180577563
141.532002389431 0.147170444956916 -0.000434480650738037 -0.377450208355196 -0.0843029153248539 0.304326803374821 -0.0363393853171512
141.59400165081 0.133049743748128 0.0242971125945585 -0.302032357761243 -0.0741622372340387 0.268996832598887 -0.034291273407177
141.65700674057 0.133255038425485 0.0307296524812165 -0.16393917523429 -0.10577677539746 0.297251710480752 -0.0795989858445875
141.719006001949 0.0918119683662715 0.0286195306887387 -0.255910734887278 -0.128938348061628 0.299347593478805 -0.130908603150688
141.782001033425 0.0745552387626328 0.042966131628733 -0.327894093065234 -0.0999505822402348 0.23337507401831 -0.126603888633547
141.844000294805 0.051402745277591 0.0687429663981843 -0.135932815258337 -0.0815613457069316 0.214169354141998 -0.108695847556414
141.907005384564 0.05004735971234 0.054705196797126 -0.125186350476946 -0.0596920328223778 0.251052298133039 -0.119168342076894
141.969004645944 0.0484033940627344 0.0208800919640165 -0.179378567999561 -0.0442570708942624 0.278566603442418 -0.12954850848792
142.03199967742 0.0393226655704459 0.00384249158203112 -0.12099042042298 -0.0344812064115069 0.2004564628917 -0.109231133134073
142.093998938799 0.0280693703296063 -0.0169887430322308 -0.114663481310895 -0.0292179945904568 0.211225834970414 -0.130012417300896
142.157004028559 0.00576006001444933 -0.0355690149449016 -0.314912570944993 -0.0223051037291994 0.217984673772429 -0.144687604598176
142.235006019473 0.0101548472756986 -0.0446733518608986 -0.100258750097109 -0.0261868717990504 0.264960232308171 -0.185706527091674
142.297005280852 0.0307407281723529 -0.0569388120333134 -0.0267731136207022 -0.0169353813142008 0.196985878160645 -0.189216088826137
142.438002303243 0.048087121559548 -0.0595347572556906 -0.16104203111132 0.000785223441850496 0.192239739667387 -0.18612293459957
142.594006285071 0.0520732028752064 -0.0960524542245041 -0.304707106688298 0.0206971073252935 0.174242714077248 -0.168869107127071
142.782005667686 0.0700776915806267 -0.0709213570409736 -0.159719659457636 0.0677067344062178 0.144614180279086 -0.143906745375332
142.985001951456 0.0954543735763814 -0.103979455797944 -0.115379487477866 0.113358073517172 0.185950382584393 -0.211499421242927
143.06300394237 0.107426485757542 -0.0632439953373248 -0.0105164942608676 0.0993171675704112 0.119986492430206 -0.159941893121267
143.141005933285 0.127992453549848 -0.0976649920269396 -0.126433802905246 0.133028693341387 0.117000586822595 -0.16210994378076
143.219007924199 0.128428366922236 -0.116566753706335 -0.0745265789178338 0.164918865723075 0.121356796697098 -0.200261295606902
143.29699985683 0.103129951175425 -0.0916403262167216 0.0660241283821778 0.182736681081462 0.0957800708494234 -0.175577545173305
143.469006568193 0.098093121322483 -0.129819261186196 -0.125346317582339 0.229323391455664 0.109566829558917 -0.193071701721874
143.532001599669 0.0889182971880083 -0.105099710149292 -0.0555638135225333 0.196635622292393 0.0931509415588947 -0.134299947933655
143.594000861049 0.106042612005403 -0.0900317504766459 0.0558824781317749 0.250809989057995 0.0988899200294939 -0.128031986164536
143.657005950809 0.106271836156273 -0.137895498756637 -0.0913135361300295 0.180973476985454 0.0630158413792486 -0.080120429016991
143.719005212188 0.0939142191338677 -0.129751244233083 -0.0862235816818938 0.292255334177058 0.105894932459095 -0.133424965775464
143.782000243664 0.0908038907664843 -0.153818342779621 -0.169953114679265 0.195346126280094 0.050854459341678 -0.0856950529144058
143.843999505043 0.0843875270458194 -0.11476349178134 0.0228765469675535 0.197945256200227 0.0362862292757037 -0.0938135751668493
143.907004594803 0.0720179322566597 -0.102346356005686 -0.00625849687905601 0.147860270911304 0.00808813162474084 -0.0600703313646803
143.969003856182 0.052900834101891 -0.092979930201627 0.0767781228844342 0.239748359511029 -0.00299967226881597 -0.0741789665502288
144.031998887658 0.0391667400927 -0.107110868400388 0.0610581209613617 0.18302504028627 -0.0342942743166437 -0.0421637326041914
144.094008207321 0.0323069606886821 -0.101884352136428 0.189407677520705 0.234413512619565 -0.0602689021266943 -0.0290677770065229
144.157003238797 0.013969193910719 -0.111161756080363 0.24870387901579 0.217478356765081 -0.0848963768685607 -0.0223029989972585
144.219002500176 -0.00143767587307733 -0.12994298974988 0.192683124318364 0.231412715287642 -0.111284186720867 -0.0131177517421001
144.282007589936 -0.0288082654097984 -0.142650782742757 0.147020952629398 0.183280379763336 -0.105243403930737 0.00420045556738252
144.344006851315 -0.0409953216182286 -0.123010477670987 0.193718557578735 0.177993159618709 -0.118151858907897 0.0296370611925047
144.469001144171 -0.0392309018092016 -0.122778611965843 0.187583157083483 0.102125886412637 -0.143382232183561 0.0522004206525795
144.672007486224 -0.0519337621284518 -0.051392152643209 0.251371685040251 0.0349288098007137 -0.169045534831459 0.0565630441516175
144.844004139304 -0.0565861898043969 0.00186894057775392 0.335362307684068 0.0424577268519733 -0.197524995769461 0.0910297403253624
144.90699917078 -0.0560837349081471 -0.00212910614844364 0.241636423877671 0.0392443337082982 -0.175963358116083 0.0843355765572646
144.968998432159 -0.0554196206322397 0.025012362200938 0.310049126779087 0.0515002345089339 -0.197464205742141 0.085679536526383
145.032003521919 -0.0606630888750339 0.00806848470008016 0.506089665321184 0.0512851185027031 -0.168249913897088 0.0776552023081822
145.094002783298 -0.0622177943150079 -0.0054642098268821 0.175535317049398 0.0282706671610279 -0.25408748799261 0.108952787233238
145.157007873058 -0.082485025884014 0.0227773003915918 0.20701443015149 9.68019413040236e-05 -0.244010206375513 0.0930343070169364
145.219007134438 -0.107034997851575 0.0159762653606525 0.192601839555385 -0.0245843348718889 -0.272501101925244 0.0967103155032351
145.282002165914 -0.119399479799313 0.0263636674950744 0.116526113531101 -0.0213339257846583 -0.192540281751604 0.0666208253740424
145.344001427293 -0.11751113765827 0.0576218159625671 0.102608736641325 -0.00134879369641274 -0.245986726670566 0.114785841520384
145.547007769346 -0.0784994619915829 0.0222408038743716 0.171934560862385 0.0288263543174698 -0.186325172714979 0.0977365578341638
145.610002800822 -0.0593644972992916 0.0276978374015419 -0.120059639187746 0.0370660592521005 -0.213406597234332 0.123147206517543
145.657005161047 -0.0773295566169453 0.00471669023871434 0.0198161605633143 0.0367064416457913 -0.169975391673597 0.10917641710129
145.719004422426 -0.0745352492661042 0.00408310390644535 0.0173905278802531 0.0351628893188717 -0.188008557853979 0.129053498925069
145.781999453902 -0.0496064211815862 -8.22437672340238e-05 -0.176525892866106 0.0366827374637004 -0.146368128901417 0.110375464986519
145.843998715281 -0.0535251649912477 -0.0192204302895952 0.100790005316951 0.0570700632975536 -0.161446748053689 0.14672638936038
145.907003805041 -0.032596746419301 -0.00710246514174576 -0.18071205109052 0.116445951711218 -0.13642708368443 0.15695373556896
145.969003066421 -0.0471793702769475 -0.055841126667037 0.150218766249007 0.150743693615573 -0.143217711756827 0.166078964428036
146.03200815618 -0.0244423204169663 -0.102843574049581 -0.0563828943532515 0.115230977913464 -0.151589124123975 0.08898293438998
146.09400741756 -0.0305213260708741 -0.0844422979583177 0.00600919793221977 0.120904073064138 -0.167978204191688 0.101420575529851
146.157002449036 -0.0289058328196429 -0.0702528659372549 0.355124737047098 0.134903479497244 -0.193522979356395 0.122254398621151
146.219001710415 -0.0218793633309562 -0.0934565958696803 0.140633371111961 0.11717554780998 -0.225697417405302 0.109103565904155
146.282006800175 -0.0589552473684796 -0.0857493891041691 -0.214792570761769 0.0420746285696743 -0.242795177069144 0.0606640458262217
146.485003083944 -0.112310735346906 0.00511045220382925 0.0219586736179155 0.00531121265738708 -0.262429630509027 0.0440290162308001
146.672006696463 -0.128561509411557 -0.0189314387541858 -0.0660100087051076 0.00422222269518849 -0.299697819473401 0.101079610394058
146.735001727939 -0.12474935102088 -0.0413427923264479 -0.0575618053797685 -0.0229994424855421 -0.297477846960205 0.0877571218638586
146.782004088163 -0.12968950166737 -0.0679475880579563 -0.0193241531026308 -0.040113741727316 -0.251497894745193 0.0723990822377953
146.844003349543 -0.124963512037305 -0.048951403292066 -0.0750263022893301 -0.055688858662888 -0.264663887729308 0.0880454695666159
146.907008439302 -0.14897458117349 -0.0472921308683458 -0.157777056422808 -0.0833600131138353 -0.262430176698725 0.114463000547488
146.969007700682 -0.140105791894023 -0.0413646723381945 -0.187635722279455 -0.0929854929818565 -0.263248137640827 0.0933499195006145
147.032002732158 -0.129062115709069 -0.00116908244969324 -0.130771662666672 -0.0699644472524112 -0.176754767625075 0.0448452274264566
147.094001993537 -0.143701125325075 0.0176385792106417 -0.195772592041415 -0.0825199675103648 -0.187726561029834 0.0312996350028289
147.157007083297 -0.146152461614536 0.0399738220604989 -0.172141456426901 -0.0833926687135562 -0.179373934663593 0.0434278342225833
147.219006344676 -0.128906027107782 0.0585932253708235 -0.171404343626602 -0.0293090971111157 -0.111963903100886 0.0408980460406476
147.282001376152 -0.0895884990590371 0.011988250278464 -0.127375380146104 -0.00735248673348981 -0.0563330462720091 0.00632206619347672
147.50000461936 -0.0663617147790844 -0.0201477801464433 -0.0362115578069394 -0.0239490553947515 -0.0435665362672322 -0.0100565519606473
147.562999650836 -0.044986711507698 -0.0258748678631304 -0.0205810682414796 -0.0424422174289049 -0.0509455566103632 -0.0158408033695307
147.624998912215 -0.0360125808031537 -0.00882378648121403 0.00474112249083355 -0.0558949335720263 -0.0607993050062181 -0.0278394392383473
147.688004001975 -0.0261747972708724 -0.00347993873340057 -0.0962219340022247 -0.0367622620656568 -0.0490285729642993 -0.0218267751744769
147.750003263354 -0.0106455799578821 0.0167600146025938 0.00178721149805361 -0.00115686568033592 -0.0500797011371705 -0.0116425064732269
147.813008353114 -0.0245011662653649 -0.000130846821571693 0.014401615121883 0.0146120418289131 -0.081418310998864 0.00321644998448988
147.875007614493 -0.0147689878889612 0.00574219520554833 -0.191914177280629 0.0221742734262205 -0.0839560525835784 -0.0362215210636236
147.938002645969 -0.0126473028282615 -0.00264803742204519 0.0740683904287138 -0.00367973336491924 -0.0879788605476064 -0.0805923034636625
148.000001907349 -0.0392848918576529 0.015781093610045 0.0308860941922426 -0.0501993982324356 -0.118376899637627 -0.0769985487986957
148.07899966836 -0.0833549432200525 0.0329264726737807 0.0606309992139377 -0.0452216652678316 -0.124997140082856 -0.0533974114723664
148.140998929739 -0.0926201971463221 0.0494263772568176 -0.273765741816067 -0.00885088909264235 -0.132057093038092 -0.00505744407218556
148.188001289964 -0.0963067532316662 0.000335496664086904 -0.15930844086158 0.0253690569855117 -0.0775462619487241 0.0346664348471789
148.250000551343 -0.0868088618941556 -0.0472604723178243 -0.0123001191126368 0.00186338151350324 -0.0916997968247766 0.0432435469523805
148.375004902482 -0.083402959012533 -0.0511774796566539 -0.0842204714655907 -0.0369842066753099 -0.105935975217179 0.0250125235551783
148.422007262707 -0.0819535332948225 -0.0191115782244151 -0.0688117024309116 -0.0369214190930232 -0.0961456188163734 0.0237969935015999
148.485002294183 -0.0783163809744262 0.0185895910067524 -0.0113688216492371 -0.0304603362763589 -0.104028640051956 0.0450234708068843
148.547001555562 -0.0796612376464287 0.022840527666864 -0.168872331030967 -0.0207745643951895 -0.075279316215375 0.0628881566747476
148.594003915787 -0.0973298670524748 -0.00212369149078432 0.0299661067427083 -0.00483283228928227 -0.0412016148173339 0.0725632227104101
148.656998947263 -0.0739013736567159 0.00506950371810373 -0.206235939211202 0.00143761875822194 -0.0166767346092498 0.0823389461939744
148.719008266926 -0.0630527354440289 0.00678018591784751 0.150266162105027 -0.0375297640895161 -0.0596612873296015 0.0707354129493596
148.782003298402 -0.0373926224918746 0.026520142789844 -0.0611590597773721 -0.0331629714105674 -0.0379601687436705 0.0357111374630403
148.829005658627 -0.0442516561406905 0.048064134655344 -0.00809218718840304 -0.0354400037433334 -0.0328656829629607 0.0303694789387089
148.907007649541 -0.0501200615375456 0.0612844544296542 -0.056407604549297 -0.0245623082890543 -0.00718686262511721 -0.00104420770213224
148.96900691092 -0.0306341851288196 0.0449457617150449 0.100843262552717 -0.0368333607583447 0.0136933339422786 -0.018843601923082
149.032001942396 -0.0223290456693549 0.0595182256873576 -0.0782989722395002 -0.0250370101131668 0.0164997422595305 -0.00948025743713695
149.094001203775 -0.00262722913582856 0.0378619829233129 -0.105468980900239 -0.0332546769279356 0.0620186495634052 -0.00952668982831208
149.157006293535 0.0217663138131645 0.0331050431553688 0.131729529232745 -0.0589501639178765 0.0523901421258437 -0.0121814957796719
149.219005554914 0.0268755961873842 0.0679593901545866 0.100152765349049 -0.113937708038915 0.0663963408276382 0.00136421970176677
149.28200058639 0.0594126110901216 0.0939484553451889 -0.00538926013736936 -0.115330905881497 0.0672705872627482 0.0176687064894738
149.34399984777 0.0408200200383412 0.116142851842506 0.12675780790326 -0.0681061479105615 0.0658698112376601 0.0400409954855186
149.469004198909 0.0474306937804409 0.104716868959062 0.0845413850261377 0.050373430351357 0.0901517920261055 0.0590689268020547
149.641000851989 0.0782358493708603 -0.0382967642323641 -0.0625063279276189 0.0853596011311861 0.0954345503486073 0.00641374594033377
149.829000234604 0.0898643901115503 -0.0576723476389452 0.0519694226532974 0.0874693579147591 0.130372153087042 -0.0259740710387935
150.016003847122 0.0759141976467208 -0.0999774355989654 -0.055252835718825 0.0347024185770277 0.121992654158296 -0.0405247762395791
150.219000130892 0.102462406309286 0.000118376354523694 0.0103468986451392 -0.0826470425618438 0.0526226606474572 -0.0147088962280917
150.468998774886 0.0706195745736215 0.0722003655953651 0.03350829347401 -0.0481547110030355 0.038507766732087 0.0408327493675578
150.765999779105 0.00475506464055849 -0.143915860564131 0.0886285683697124 -0.134920697560191 0.0357065171840072 -0.0277790166330079
150.829004868865 0.0357417439484905 -0.0375990759605015 0.188866813980953 -0.21216360927109 0.0236610088807849 -0.0511577174215192
150.875001400709 0.0414999648982809 -0.015112769907099 0.0871254967258847 -0.196531136127193 0.0257029059228895 -0.0474008819941693
150.922003760934 0.0807395603592439 0.0179507865425275 -0.182911763613427 -0.1705088221305 0.0235179748533657 -0.0366796276173145
150.969006121159 0.0805019694796741 0.049579321551277 0.118394952118003 -0.198734730877245 0.0417847873209108 -0.0349241055816047
151.032001152635 0.096919677304714 0.020065048140499 0.0702189337554202 -0.184556370901979 0.0224246211473355 -0.0193725705992437
151.094000414014 0.10882557575421 0.0162930749350014 0.0236674307285268 -0.26876751453438 0.024340375314418 -0.0141800276432246
151.157005503774 0.115634083608359 0.0182308930650438 -0.179938614159084 -0.234701772922534 0.0143911972284917 -0.0257623175211629
151.219004765153 0.0994575655244895 0.0830586868937329 0.0328959678981057 -0.274528602577509 0.0234119312163399 -0.0275973699893449
151.281999796629 0.11833157987738 0.120231039417481 -0.00853831605799621 -0.289952305778362 0.0271153361759827 -0.0180967419784641
151.343999058008 0.0945721674353596 0.124671855887681 0.0690325156419713 -0.229046259839839 -0.00817047543740263 -0.0118885495856335
151.516005769372 0.049208866737298 0.126957949016396 0.166235346603164 -0.230245711416432 -0.0109691248067297 -0.0165131445330671
151.579000800848 0.0963557483112022 0.118441473789074 -0.123685912047769 -0.239779929317104 -0.0239918653852912 -0.00729736109454141
151.641000062227 0.0617218891822749 0.0996841377566384 0.116464469980621 -0.178204092826378 -0.0285405719536428 0.00543017034208678
151.704005151987 0.0666161965558454 0.0809666659388994 -0.106149728648254 -0.241394555084851 -0.0565497375017137 -0.00803449103443181
151.766004413366 0.0467019123108932 0.0853030729722336 0.0901376584658102 -0.240316311155427 -0.0768972394327969 -0.0137207004865838
151.828999444842 0.0343511529876845 0.120413938023578 -0.0562877462688526 -0.283345144446866 -0.113896711175471 0.00332427703374088
151.890998706222 -0.00349799282978508 0.135632498939304 0.1122449465851 -0.222610273152342 -0.112447398309185 -0.0177471944956994
151.954003795981 -0.0294036445839495 0.140899493415583 0.102053822872692 -0.265569547163275 -0.160478130269389 -0.0353248862726166
152.016003057361 -0.0392364491870117 0.140090230775513 0.0631533430533636 -0.194219405136534 -0.141304511382124 -0.0326291228455218
152.07900814712 -0.093937854281737 0.159855862708693 0.281203666795965 -0.289037141133296 -0.242160871664452 -0.0820342574155204
152.1410074085 -0.0912539083723196 0.161801888131471 0.0681502868669462 -0.203997298199803 -0.183280283734577 -0.0871279948596815
152.203006669879 -0.123809742046029 0.168548070474366 0.231655457747299 -0.201193902197996 -0.201308952939029 -0.0820893823506175
152.266001701355 -0.124362964999536 0.165752503202733 0.0493251336061113 -0.0997938633642824 -0.171904597551079 -0.0646595702097573
152.469008043408 -0.140033254886889 0.0540941151331156 0.238158944860552 -0.0536811216024458 -0.202109069474922 -0.113487505496198
152.657007426023 -0.141933528049632 0.037919592259351 0.109245700158042 0.00887935803113425 -0.259216668353251 -0.195382110640564
